WG1---Perplexity values when get convergence
0 775.631483986
1 762.595410343
2 771.744189344
3 771.895108443
4 773.018817674
5 773.427537415
6 773.769588165
7 774.031742286
8 774.240216642
9 774.405122514

WG2---Perplexity values when get convergence
0 80012.1601543
1 86873.857518
2 72745.8322851
3 75797.2689789
4 69517.1537
5 71873.665275
6 68400.1608001
7 70038.424682
8 68007.4902791
9 69122.731813
10 67830.8608758
11 68640.1974359
12 67760.8021686
13 68338.4092342
14 67751.9522874
15 68150.1488692
16 67751.2529183
17 68036.2805226
18 67756.984684
19 67960.3544832
20 67767.2140785
21 67909.8728766
22 67775.7548668
23 67877.2373315
24 67782.6724905
25 67855.1255439
26 67788.7127819
27 67839.9928498
28 67793.3846574
29 67829.8509187
30 67796.8717735
31 67822.9143175
32 67799.5822275
33 67818.0969294
34 67801.6111188
35 67814.7991007
36 67803.096508
37 67812.5136683
38 67804.2043842
39 67810.9187013
40 67805.0182906
41 67809.8087648
42 67805.611607
43 67809.0336377
44 67806.0447655
45 67808.4887411
46 67806.3605278
47 67808.1067701
48 67806.5895895
49 67807.8380223
50 67806.756036
51 67807.6486676
52 67806.8764663
53 67807.5150567
54 67806.9637084
55 67807.4205475
56 67807.0267662
57 67807.3537085
WG1---Perplexity values when get convergence
0 775.631483986
1 762.595410343
2 771.744189344
3 771.895108443
4 773.018817674
5 773.427537415
6 773.769588165
7 774.031742286
8 774.240216642
9 774.405122514
WG2---Perplexity values when get convergence
0 80012.1601543
1 86873.857518
2 72745.8322851
3 75797.2689789
4 69517.1537
5 71873.665275
6 68400.1608001
7 70038.424682
8 68007.4902791
9 69122.731813
10 67830.8608758
11 68640.1974359
12 67760.8021686
13 68338.4092342
14 67751.9522874
15 68150.1488692
16 67751.2529183
17 68036.2805226
18 67756.984684
19 67960.3544832
20 67767.2140785
21 67909.8728766
22 67775.7548668
23 67877.2373315
24 67782.6724905
25 67855.1255439
26 67788.7127819
27 67839.9928498
28 67793.3846574
29 67829.8509187
30 67796.8717735
31 67822.9143175
32 67799.5822275
33 67818.0969294
34 67801.6111188
35 67814.7991007
36 67803.096508
37 67812.5136683
38 67804.2043842
39 67810.9187013
40 67805.0182906
41 67809.8087648
42 67805.611607
43 67809.0336377
44 67806.0447655
45 67808.4887411
46 67806.3605278
47 67808.1067701
48 67806.5895895
49 67807.8380223
50 67806.756036
51 67807.6486676
52 67806.8764663
53 67807.5150567
54 67806.9637084
55 67807.4205475
56 67807.0267662
57 67807.3537085
WG1---Perplexity values when get convergence
0 775.631483986
1 762.595410343
2 771.744189344
3 771.895108443
4 773.018817674
5 773.427537415
6 773.769588165
7 774.031742286
8 774.240216642
9 774.405122514
WG2---Perplexity values when get convergence
0 80012.1601543
1 86873.857518
2 72745.8322851
3 75797.2689789
4 69517.1537
5 71873.665275
6 68400.1608001
7 70038.424682
8 68007.4902791
9 69122.731813
10 67830.8608758
11 68640.1974359
12 67760.8021686
13 68338.4092342
14 67751.9522874
15 68150.1488692
16 67751.2529183
17 68036.2805226
18 67756.984684
19 67960.3544832
20 67767.2140785
21 67909.8728766
22 67775.7548668
23 67877.2373315
24 67782.6724905
25 67855.1255439
26 67788.7127819
27 67839.9928498
28 67793.3846574
29 67829.8509187
30 67796.8717735
31 67822.9143175
32 67799.5822275
33 67818.0969294
34 67801.6111188
35 67814.7991007
36 67803.096508
37 67812.5136683
38 67804.2043842
39 67810.9187013
40 67805.0182906
41 67809.8087648
42 67805.611607
43 67809.0336377
44 67806.0447655
45 67808.4887411
46 67806.3605278
47 67808.1067701
48 67806.5895895
49 67807.8380223
50 67806.756036
51 67807.6486676
52 67806.8764663
53 67807.5150567
54 67806.9637084
55 67807.4205475
56 67807.0267662
57 67807.3537085
WG1---Perplexity values when get convergence
0 775.631483986
1 762.595410343
2 771.744189344
3 771.895108443
4 773.018817674
5 773.427537415
6 773.769588165
7 774.031742286
8 774.240216642
9 774.405122514
WG2---Perplexity values when get convergence
0 80012.1601543
1 86873.857518
2 72745.8322851
3 75797.2689789
4 69517.1537
5 71873.665275
6 68400.1608001
7 70038.424682
8 68007.4902791
9 69122.731813
10 67830.8608758
11 68640.1974359
12 67760.8021686
13 68338.4092342
14 67751.9522874
15 68150.1488692
16 67751.2529183
17 68036.2805226
18 67756.984684
19 67960.3544832
20 67767.2140785
21 67909.8728766
22 67775.7548668
23 67877.2373315
24 67782.6724905
25 67855.1255439
26 67788.7127819
27 67839.9928498
28 67793.3846574
29 67829.8509187
30 67796.8717735
31 67822.9143175
32 67799.5822275
33 67818.0969294
34 67801.6111188
35 67814.7991007
36 67803.096508
37 67812.5136683
38 67804.2043842
39 67810.9187013
40 67805.0182906
41 67809.8087648
42 67805.611607
43 67809.0336377
44 67806.0447655
45 67808.4887411
46 67806.3605278
47 67808.1067701
48 67806.5895895
49 67807.8380223
50 67806.756036
51 67807.6486676
52 67806.8764663
53 67807.5150567
54 67806.9637084
55 67807.4205475
56 67807.0267662
57 67807.3537085
WG1---Perplexity values when get convergence
0 775.631483986
1 762.595410343
2 771.744189344
3 771.895108443
4 773.018817674
5 773.427537415
6 773.769588165
7 774.031742286
8 774.240216642
9 774.405122514
WG2---Perplexity values when get convergence
0 80012.1601543
1 86873.857518
2 72745.8322851
3 75797.2689789
4 69517.1537
5 71873.665275
6 68400.1608001
7 70038.424682
8 68007.4902791
9 69122.731813
10 67830.8608758
11 68640.1974359
12 67760.8021686
13 68338.4092342
14 67751.9522874
15 68150.1488692
16 67751.2529183
17 68036.2805226
18 67756.984684
19 67960.3544832
20 67767.2140785
21 67909.8728766
22 67775.7548668
23 67877.2373315
24 67782.6724905
25 67855.1255439
26 67788.7127819
27 67839.9928498
28 67793.3846574
29 67829.8509187
30 67796.8717735
31 67822.9143175
32 67799.5822275
33 67818.0969294
34 67801.6111188
35 67814.7991007
36 67803.096508
37 67812.5136683
38 67804.2043842
39 67810.9187013
40 67805.0182906
41 67809.8087648
42 67805.611607
43 67809.0336377
44 67806.0447655
45 67808.4887411
46 67806.3605278
47 67808.1067701
48 67806.5895895
49 67807.8380223
50 67806.756036
51 67807.6486676
52 67806.8764663
53 67807.5150567
54 67806.9637084
55 67807.4205475
56 67807.0267662
57 67807.3537085
WG1---Perplexity values when get convergence
0 729.527233413
1 709.96562716
2 720.971164829
3 719.25894614
4 719.612597694
5 719.073879945
6 718.757352719
7 718.558545944
8 718.465668707
9 718.4426319
10 718.460466805
11 718.500103773
12 718.549093488
13 718.60006636
14 718.648922341
WG1---Perplexity values when get convergence
0 775.631483986
1 762.595410343
2 771.744189344
3 771.895108443
4 773.018817674
5 773.427537415
6 773.769588165
7 774.031742286
8 774.240216642
9 774.405122514
WG1---Perplexity values when get convergence
0 775.631483986
1 762.595410343
2 771.744189344
3 771.895108443
4 773.018817674
5 773.427537415
6 773.769588165
7 774.031742286
8 774.240216642
9 774.405122514
WG2---Perplexity values when get convergence
0 80012.1601543
1 86873.857518
2 72745.8322851
3 75797.2689789
4 69517.1537
5 71873.665275
6 68400.1608001
7 70038.424682
8 68007.4902791
9 69122.731813
10 67830.8608758
11 68640.1974359
12 67760.8021686
13 68338.4092342
14 67751.9522874
15 68150.1488692
16 67751.2529183
17 68036.2805226
18 67756.984684
19 67960.3544832
20 67767.2140785
21 67909.8728766
22 67775.7548668
23 67877.2373315
24 67782.6724905
25 67855.1255439
26 67788.7127819
27 67839.9928498
28 67793.3846574
29 67829.8509187
30 67796.8717735
31 67822.9143175
32 67799.5822275
33 67818.0969294
34 67801.6111188
35 67814.7991007
36 67803.096508
37 67812.5136683
38 67804.2043842
39 67810.9187013
40 67805.0182906
41 67809.8087648
42 67805.611607
43 67809.0336377
44 67806.0447655
45 67808.4887411
46 67806.3605278
47 67808.1067701
48 67806.5895895
49 67807.8380223
50 67806.756036
51 67807.6486676
52 67806.8764663
53 67807.5150567
54 67806.9637084
55 67807.4205475
56 67807.0267662
57 67807.3537085
WG1---Perplexity values when get convergence
0 729.527233413
1 709.96562716
2 720.971164829
3 719.25894614
4 719.612597694
5 719.073879945
6 718.757352719
7 718.558545944
8 718.465668707
9 718.4426319
10 718.460466805
11 718.500103773
12 718.549093488
13 718.60006636
14 718.648922341
WG2---Perplexity values when get convergence
0 69029.5815436
1 74767.8469621
2 57075.354383
3 60142.9744505
4 50933.3713158
5 53913.6018642
6 47879.6244364
7 50424.7040791
8 46170.8390041
9 48305.793385
10 45018.1056875
11 46947.4817902
12 44218.6280251
13 45927.0319424
14 43694.6546439
15 45156.5202827
16 43286.6726263
17 44592.4856631
18 42978.8778303
19 44140.8286186
20 42761.7761568
21 43778.2806026
22 42592.1650537
23 43495.5884874
24 42458.7532707
25 43264.5387114
26 42360.8248747
27 43073.1854183
28 42285.0822078
29 42918.3323723
30 42224.9745737
31 42790.3585334
32 42180.1509493
33 42682.5666105
34 42145.8263603
35 42593.2670357
36 42118.7655116
37 42518.2509788
38 42098.545609
39 42454.6376171
40 42083.2293034
41 42400.8774297
42 42071.5449222
43 42355.247988
44 42062.8335883
45 42316.1256221
46 42056.4706965
47 42282.7317748
48 42051.8553036
49 42254.0835549
50 42048.6936577
51 42229.4550612
52 42046.578024
53 42208.2391489
54 42045.3202009
55 42189.8896722
56 42044.6911227
57 42174.0227734
58 42044.5155894
59 42160.2693863
60 42044.705504
61 42148.291302
62 42045.1648273
63 42137.8831761
64 42045.7733946
65 42128.8176571
66 42046.5274834
67 42120.8790203
68 42047.3641915
69 42113.95405
70 42048.226101
71 42107.8978708
72 42049.1191246
73 42102.5731634
74 42050.0079553
75 42097.8972372
76 42050.8656511
77 42093.804256
78 42051.7153411
79 42090.196996
80 42052.5387359
81 42087.0340221
82 42053.3141023
83 42084.2533128
84 42054.0562268
85 42081.7940187
86 42054.758658
87 42079.631024
88 42055.408563
89 42077.7248133
90 42056.0207196
91 42076.0339122
92 42056.5922209
93 42074.5438411
94 42057.1160301
95 42073.2276013
96 42057.6043289
97 42072.0574903
98 42058.0564067
99 42071.0243447
100 42058.4680952
101 42070.1101832
102 42058.8492971
103 42069.2957377
104 42059.2001778
105 42068.5756146
106 42059.5183035
107 42067.9373621
108 42059.8114886
109 42067.3677607
110 42060.0802334
111 42066.8634309
112 42060.323137
113 42066.4158643
114 42060.5462065
115 42066.0157769
116 42060.7500788
117 42065.6611538
118 42060.9338952
119 42065.3460564
120 42061.1022772
121 42065.0639933
122 42061.255802
123 42064.8137272
124 42061.393985
125 42064.5911292
126 42061.5203013
127 42064.3916085
128 42061.6352792
129 42064.2144285
130 42061.7386123
131 42064.05669
132 42061.8329319
133 42063.9151416
134 42061.9186601
135 42063.7893466
136 42061.9956255
137 42063.6772621
138 42062.0657852
139 42063.5765767
140 42062.1294891
141 42063.4870352
142 42062.1866253
143 42063.4071957
144 42062.2386622
145 42063.3354063
146 42062.2858656
147 42063.271525
148 42062.3281748
149 42063.2145267
150 42062.3666746
151 42063.1632318
152 42062.4015761
153 42063.1175614
154 42062.4328379
155 42063.076789
156 42062.4612684
157 42063.0400662
158 42062.4870253
159 42063.0073549
160 42062.510086
161 42062.9781355
162 42062.5310464
WG1---Perplexity values when get convergence
0 994.170374535
1 994.238668783
2 994.244010217
3 994.244297567
4 994.244324372
WG2---Perplexity values when get convergence
0 177417.541228
1 177684.012718
2 177663.905979
3 177665.080547
4 177664.952897
5 177664.963844
6 177664.962749
