WG2---Perplexity values when get convergence
0 80012.1601543
1 86873.857518
2 72745.8322851
3 75797.2689789
4 69517.1537
5 71873.665275
6 68400.1608001
7 70038.424682
8 68007.4902791
9 69122.731813
10 67830.8608758
11 68640.1974359
12 67760.8021686
13 68338.4092342
14 67751.9522874
15 68150.1488692
16 67751.2529183
17 68036.2805226
18 67756.984684
19 67960.3544832
20 67767.2140785
21 67909.8728766
22 67775.7548668
23 67877.2373315
24 67782.6724905
25 67855.1255439
26 67788.7127819
27 67839.9928498
28 67793.3846574
29 67829.8509187
30 67796.8717735
31 67822.9143175
32 67799.5822275
33 67818.0969294
34 67801.6111188
35 67814.7991007
36 67803.096508
37 67812.5136683
38 67804.2043842
39 67810.9187013
40 67805.0182906
41 67809.8087648
42 67805.611607
43 67809.0336377
44 67806.0447655
45 67808.4887411
46 67806.3605278
47 67808.1067701
48 67806.5895895
49 67807.8380223
50 67806.756036
51 67807.6486676
52 67806.8764663
53 67807.5150567
54 67806.9637084
55 67807.4205475
56 67807.0267662
57 67807.3537085
